
-801048518
1903633138
1413483804
71997431
1257251733
988871790
1919140191
1877065058
1856390764
1009844552
542257283
936711047
-1840190668
1963128329
311375113
-1331380268
897946475
1988159407
-819287001
-2088241621
1086808248
-2083075468
-168035937
-2025682304
-1830641557
1744303412
1107219465
-769081592
-1785846330
-1407457084
1443000427
315651022
-181330169
79969435
1594716802
-1330784300
-1875382886
27088163
-499192149
1827570611
832831560
-582059897
110004319
2090227206
-43883570
30641274
-1800671907
2080496497
1987766152
2059714775
-548811324
610040104
-514331549
1292225977
-2133610487
-1224482691
1384262274
1635504992
-1939746706
-1280841476
-74794292
1721301983
1142047086
-1541585936
368314403
221030943
47048067
1887448328
1594372772
806415462
1741195989
1165284308
-1709578585
-1093508047
-1695922758
-1016840622
765360281
-1312956184
442057874
1921864678
-171115475
427403515
-1437498426
1381450300
-885416307
-1317514375
-1951886294
-28224850
-1306332493
-96789901
1386398415
996556480
-914857521
-1522160681
-1321823717
-1279677624
1389906947
-72292623
-988133091
803594090
1621688817
-1361465504
-392338085
-1456704704
-228855240
715877155
-142313575
1443543833
1165838068
1008322819
729418919
-852277115
-556900887
1305867073
335026841
24614259
-1233829823
-1052005645
680145553
3187805
923145391
-1851297311
1323187854
1296754520
797424285
-1713777395
1087813736
-2136699961
-898890587
-273099550
-944672371
-283807435
545453100
188456628
-102834185
1696929601
-148770699
58656731
1208690984
1915887344
372115559
800244392
-375515440
1474484096
648482986
-1859050136
-258286891
-1602856805
634989464
